SUMMARY
-------
analyzer: nested
nested_algorithm: multi
dynamic: False
nlive: 100
niter: 812
ncall: 4694
%eff: 19.4504
logz: -515.9625 +/- 0.2212
loglikes: [-616.02659746 -615.72780438 -610.20243053 -607.13507643 -606.77948903
 -606.29631907 -602.39895235 -598.54318315 -597.99541654 -595.94351459
 -592.81001511 -589.44496865 -587.67464622 -573.73603823 -566.29269928
 -566.27574827 -566.16315102 -560.6506948  -560.03318284 -559.60804159
 -557.91932263 -557.87340891 -557.27778147 -556.76892977 -553.23840044
 -551.17684594 -550.00648572 -548.45205619 -546.85508493 -546.54513512
 -546.45669641 -545.05860453 -544.48583605 -542.30686191 -540.97802069
 -540.33090837 -539.89253691 -539.57368814 -538.50220129 -537.37106482
 -537.2736497  -536.72273721 -536.18461908 -536.13266571 -535.65214341
 -535.46678973 -534.98769904 -534.58985506 -534.56902029 -533.98909675
 -533.97662726 -533.96899739 -533.73697567 -533.72059759 -533.48184968
 -533.29265683 -532.80679162 -532.73342312 -532.37072096 -532.31352615
 -532.22189364 -532.13603172 -531.83399569 -531.49463549 -531.43047376
 -531.42295823 -531.27873411 -530.9277559  -530.92735606 -530.88088732
 -530.64625327 -530.42393528 -530.34156969 -530.31661543 -530.18769986
 -529.54558216 -529.23261317 -529.14729074 -528.9429545  -528.76844828
 -528.51681121 -528.47542321 -528.28673395 -528.21987439 -528.1931138
 -527.94959647 -527.76760354 -527.24331217 -527.16189161 -526.9353035
 -526.59147721 -526.36819032 -526.16168524 -525.94951974 -525.83525935
 -525.61358956 -525.59620271 -525.5757293  -525.41439572 -525.27932732
 -525.13483062 -524.99857282 -524.88550447 -524.87480037 -524.76316871
 -524.72437031 -524.41609758 -524.36996058 -524.17790826 -524.16321508
 -524.15939405 -524.12846104 -523.88888058 -523.87178398 -523.80613846
 -523.48909514 -523.44067039 -523.41867483 -523.35562001 -523.19905692
 -523.09125414 -523.08996061 -522.96142378 -522.87159264 -522.71206353
 -522.35598389 -522.34398941 -521.72935136 -521.72299792 -521.59779426
 -521.44727808 -521.39869281 -521.32997911 -521.02578492 -520.90013022
 -520.79796799 -520.5492246  -520.48370674 -520.47554133 -520.45720032
 -520.37600327 -520.24377427 -520.23841756 -520.18631412 -519.99437669
 -519.96465206 -519.91018058 -519.8949428  -519.86959758 -519.46723269
 -519.44134548 -519.42157816 -519.42142547 -519.38445779 -519.31543261
 -519.26923485 -519.24967768 -519.24654547 -519.18574195 -519.12853977
 -519.09289187 -518.9892643  -518.87591777 -518.76272235 -518.62612502
 -518.59362116 -518.5800683  -518.56499883 -518.56474819 -518.50904835
 -518.43177248 -518.30227565 -518.25733357 -518.05262157 -518.03654305
 -517.77334594 -517.71288997 -517.71035241 -517.63855122 -517.6262031
 -517.55656906 -517.54914701 -517.48671153 -517.46369965 -517.38877094
 -517.3557479  -517.33539227 -517.32933119 -517.18668869 -517.16404507
 -517.1148855  -517.0549536  -517.05255886 -517.05160957 -517.03553984
 -517.00543312 -516.98305132 -516.8460174  -516.84498346 -516.83178367
 -516.76204979 -516.72929434 -516.72420935 -516.60535927 -516.59790841
 -516.51519955 -516.41722914 -516.38658987 -516.33440042 -516.31864432
 -516.28623674 -516.26970959 -516.22490232 -516.16439254 -516.13696833
 -516.09400571 -516.06383106 -516.01704794 -516.00598879 -515.98926623
 -515.97361775 -515.96175805 -515.93522814 -515.91958754 -515.87929517
 -515.86935201 -515.83234917 -515.81676902 -515.80144736 -515.80055813
 -515.6988392  -515.61233249 -515.58068997 -515.56741854 -515.5577728
 -515.54798669 -515.4703641  -515.46617083 -515.4260243  -515.42436038
 -515.41148443 -515.40577789 -515.35284373 -515.34706111 -515.31899645
 -515.31865191 -515.30010228 -515.29583461 -515.25075282 -515.20476457
 -515.14276159 -515.13036016 -515.12742133 -515.11680905 -515.11012356
 -515.06377099 -515.046821   -515.04563322 -515.04292645 -515.03024331
 -514.96074645 -514.95319366 -514.92988956 -514.92935236 -514.88435522
 -514.88058329 -514.83386523 -514.8279316  -514.79539922 -514.77871928
 -514.77301757 -514.7056276  -514.70240116 -514.70234041 -514.6994898
 -514.69298172 -514.66673237 -514.64589986 -514.53621809 -514.53131073
 -514.52266083 -514.50433289 -514.45920927 -514.44162886 -514.39219537
 -514.37845638 -514.36913757 -514.350386   -514.33642987 -514.33262282
 -514.27029389 -514.20936788 -514.1849375  -514.17241522 -514.14456469
 -514.1358756  -514.13484729 -514.11888001 -514.08128337 -514.05293479
 -514.01153895 -513.98583711 -513.96379647 -513.96011356 -513.92811054
 -513.92767732 -513.92726095 -513.92716535 -513.92598101 -513.91509942
 -513.89927457 -513.87691637 -513.87630647 -513.87329142 -513.84523524
 -513.8444694  -513.83465537 -513.83073892 -513.8245838  -513.81460858
 -513.81231142 -513.75633083 -513.75041582 -513.74816577 -513.71690654
 -513.71162478 -513.67898148 -513.65576529 -513.64189774 -513.64062411
 -513.63025417 -513.60622779 -513.60320936 -513.5796606  -513.57249411
 -513.57048454 -513.55835389 -513.54582672 -513.54429653 -513.54370503
 -513.54356299 -513.52167996 -513.5179427  -513.51379192 -513.5135374
 -513.50861208 -513.49242179 -513.49094561 -513.48078144 -513.47344186
 -513.46982477 -513.45900539 -513.43371518 -513.43222339 -513.43003557
 -513.42996595 -513.41189662 -513.39983778 -513.39803794 -513.39061366
 -513.37553508 -513.37547986 -513.36216452 -513.35913081 -513.35838573
 -513.35835883 -513.33165517 -513.32835734 -513.31167693 -513.30853581
 -513.30643033 -513.3030962  -513.29674773 -513.29309936 -513.27864697
 -513.2612215  -513.25755545 -513.24581358 -513.23978094 -513.23915797
 -513.22384191 -513.22101107 -513.22041513 -513.21920427 -513.20953633
 -513.20886007 -513.1938528  -513.17024954 -513.15470907 -513.15410429
 -513.14543418 -513.12981406 -513.12555462 -513.11402931 -513.11112283
 -513.10486475 -513.08499003 -513.08446027 -513.07989036 -513.07809756
 -513.07617629 -513.06585028 -513.05828938 -513.05249996 -513.04552254
 -513.04326986 -513.04284125 -513.04114628 -513.03491984 -513.03291372
 -513.0314688  -513.02711122 -513.02491263 -513.02094765 -513.02019663
 -513.01398305 -513.00799996 -512.99957004 -512.99613245 -512.98922652
 -512.98029518 -512.97773138 -512.97452809 -512.9697501  -512.95671301
 -512.95300402 -512.94915629 -512.9458799  -512.94155195 -512.94005334
 -512.93560435 -512.93422489 -512.93220115 -512.93015096 -512.93008866
 -512.92812874 -512.92711825 -512.92244165 -512.92106071 -512.91814293
 -512.91646894 -512.91261837 -512.91012233 -512.90357534 -512.90270227
 -512.89008407 -512.88781181 -512.88740351 -512.88624125 -512.88463094
 -512.88140183 -512.88124877 -512.87296435 -512.87263003 -512.87074418
 -512.86628482 -512.86570667 -512.86522724 -512.8632544  -512.86250638
 -512.85865287 -512.85818405 -512.85499374 -512.85033745 -512.84120981
 -512.84027216 -512.83963631 -512.83405683 -512.83056858 -512.82935844
 -512.82555882 -512.82472266 -512.82379255 -512.81767921 -512.81435863
 -512.80986099 -512.80783894 -512.80664074 -512.80402877 -512.80273274
 -512.80232733 -512.79826136 -512.79713318 -512.79671081 -512.79604811
 -512.79495728 -512.7896197  -512.77984929 -512.7726792  -512.76982824
 -512.76490699 -512.76438644 -512.76024116 -512.76004358 -512.75935247
 -512.75628901 -512.75149121 -512.74914788 -512.74448626 -512.7434332
 -512.74321881 -512.74278186 -512.73987456 -512.73431794 -512.73416118
 -512.7204137  -512.720231   -512.71704496 -512.71489119 -512.70919909
 -512.70847798 -512.70642869 -512.70569125 -512.70419805 -512.70340314
 -512.7016562  -512.69731781 -512.69620514 -512.69280792 -512.69274281
 -512.69176087 -512.69145687 -512.68790962 -512.6840173  -512.68356414
 -512.68343891 -512.67910694 -512.6776551  -512.67745802 -512.67527516
 -512.67429122 -512.67077404 -512.67037337 -512.66747495 -512.66536381
 -512.66001553 -512.65865034 -512.65748593 -512.65739597 -512.65556806
 -512.6513471  -512.64878277 -512.64731642 -512.64693925 -512.64571469
 -512.64520899 -512.64364801 -512.64247597 -512.6405292  -512.64003998
 -512.63575087 -512.63236273 -512.63109288 -512.62937921 -512.62842659
 -512.62817288 -512.62569118 -512.6250377  -512.6218735  -512.62153007
 -512.62051891 -512.61852869 -512.61791575 -512.61721326 -512.61556174
 -512.61393892 -512.61273957 -512.61272503 -512.61255605 -512.61014594
 -512.60983429 -512.60945387 -512.60745095 -512.60728544 -512.6071519
 -512.60518102 -512.60498236 -512.60286565 -512.60102844 -512.59906472
 -512.59746146 -512.59597817 -512.59566887 -512.59510348 -512.59498427
 -512.59356485 -512.59096899 -512.58935215 -512.58783645 -512.58662418
 -512.5857101  -512.58551963 -512.58458703 -512.58214256 -512.58212558
 -512.58014043 -512.5794365  -512.57886172 -512.57864881 -512.57407884
 -512.5739201  -512.57317185 -512.57280349 -512.57242467 -512.57180446
 -512.57140388 -512.57041402 -512.57011524 -512.56986025 -512.56867926
 -512.56862384 -512.56616787 -512.56603102 -512.56525771 -512.56484003
 -512.56468884 -512.5646063  -512.56449945 -512.56342467 -512.56320313
 -512.56303763 -512.56276725 -512.56040737 -512.55999556 -512.55977922
 -512.55941869 -512.55671295 -512.55606932 -512.55599477 -512.55509158
 -512.55484722 -512.55277113 -512.54738203 -512.54699532 -512.54694941
 -512.54647522 -512.54645406 -512.54632006 -512.54610542 -512.54341454
 -512.54339332 -512.54338806 -512.54328224 -512.54259862 -512.54220418
 -512.54164198 -512.54147133 -512.54103638 -512.54080502 -512.54012989
 -512.54005991 -512.54002382 -512.53928191 -512.53861768 -512.5382765
 -512.53824466 -512.53765171 -512.53692957 -512.53600103 -512.5356027
 -512.53559736 -512.53448411 -512.53411003 -512.53398563 -512.53307454
 -512.53287577 -512.53270467 -512.53247108 -512.5319696  -512.53176273
 -512.53170306 -512.53103702 -512.53077283 -512.53051242 -512.52856713
 -512.52855125 -512.52836454 -512.52771989 -512.52727559 -512.52713066
 -512.52636091 -512.52624601 -512.52610197 -512.52579987 -512.5253698
 -512.52468447 -512.52435085 -512.5237198  -512.52343485 -512.52261337
 -512.52237143 -512.52235819 -512.52192243 -512.52178241 -512.52162345
 -512.52131569 -512.52109116 -512.52084971 -512.52024183 -512.5201352
 -512.52006941 -512.51999844 -512.51898742 -512.51887237 -512.51884805
 -512.51813501 -512.5178388  -512.5178316  -512.51755942 -512.51753002
 -512.51714354 -512.51646916 -512.51624539 -512.51610574 -512.51561671
 -512.51551376 -512.51545784 -512.51524137 -512.51522163 -512.51516342
 -512.5150412  -512.51489764 -512.51487628 -512.51465297 -512.51437983
 -512.51425961 -512.51414846 -512.51397735 -512.51389064 -512.51375409
 -512.51328897 -512.51314894 -512.51292894 -512.51283803 -512.51283494
 -512.51266924 -512.51266605 -512.51263003 -512.51247698 -512.51200469
 -512.51166738 -512.51150958 -512.51149264 -512.51123641 -512.51067216
 -512.5106209  -512.51046095 -512.51036158 -512.51009794 -512.50966424
 -512.50964892 -512.50957455 -512.50911018 -512.50908888 -512.50897911
 -512.50894147 -512.50863385 -512.50856291 -512.50827133 -512.50824855
 -512.50820681 -512.50807403 -512.50796293 -512.50795075 -512.50788318
 -512.50784022 -512.50757463 -512.50705021 -512.50677096 -512.5065515
 -512.50642497 -512.50635491 -512.50605735 -512.50590616 -512.5056913
 -512.50561273 -512.50535164 -512.50527603 -512.50516331 -512.50513346
 -512.50483001 -512.50481738 -512.50481065 -512.50478745 -512.50467252
 -512.50452772 -512.50377005 -512.50372479 -512.50326118 -512.50299262
 -512.50294349 -512.50288098 -512.50284489 -512.50282132 -512.50269086
 -512.50256248 -512.50254645 -512.5024559  -512.50236997 -512.50226637
 -512.50223964 -512.502149   -512.50159511 -512.50155083 -512.50150228
 -512.50126031 -512.50101898 -512.50086941 -512.50082527 -512.5007221
 -512.50048591 -512.50038943 -512.50036437 -512.50030258 -512.50028711
 -512.50027325 -512.50024727 -512.50018765 -512.50002846 -512.50000732
 -512.50000321 -512.49998022 -512.49990304 -512.49973887 -512.49966573
 -512.49956093 -512.49926438 -512.49920533 -512.49899145 -512.49892737
 -512.49884494 -512.49844516 -512.49838232 -512.49835484 -512.498338
 -512.49832682 -512.4982267  -512.49821743 -512.4980734  -512.49787162
 -512.49782027 -512.49778009 -512.49774482 -512.49767424 -512.49767406
 -512.49765389 -512.49762191 -512.49758652 -512.49750605 -512.49750133
 -512.49730395 -512.49730196 -512.49727217 -512.49716185 -512.49715126
 -512.49691832 -512.49690697 -512.49687112 -512.49673668 -512.49625272
 -512.49610602 -512.49610351 -512.49577735 -512.49564694 -512.4956382
 -512.49563591 -512.49549621 -512.49528049 -512.4951357  -512.49512644
 -512.494909   -512.49481096 -512.49474771 -512.49471238 -512.49466498
 -512.49461406 -512.49453104 -512.49441905 -512.49440277 -512.4941513
 -512.49411335 -512.49406598 -512.49403626 -512.49399439 -512.49390415
 -512.49387414 -512.49373214 -512.49369579 -512.4936705  -512.4934314
 -512.49337852 -512.4932804  -512.49324807 -512.4932388  -512.49320856
 -512.49316494 -512.49309148 -512.49304926 -512.4930123  -512.49291874
 -512.49291291 -512.49291041 -512.49254315 -512.49252004 -512.49249983
 -512.49247837 -512.4924325  -512.49240625 -512.49240488 -512.49233066
 -512.49227325 -512.49213599 -512.49164662]
Om: 0.3017 +/- 0.0220
Obh2: 0.0220 +/- 0.0005
h: 0.7057 +/- 0.1755

Elapsed time: 16.962 minutes = 1017.718 seconds 
