SUMMARY
-------
analyzer: nested
nested_algorithm: multi
dynamic: False
nlive: 100
niter: 836
ncall: 4538
%eff: 20.6479
logz: -705.2655 +/- 0.2316
loglikes: [-899.29214766 -896.84824937 -896.04859049 -891.18494427 -882.33132578
 -879.8089171  -878.12220649 -875.06249237 -864.41864727 -863.1405428
 -859.10938484 -854.03055268 -845.79777753 -842.62149888 -842.4334047
 -840.9973842  -836.85504056 -829.997302   -823.93527105 -823.0140571
 -817.06460825 -815.67076294 -811.71087439 -808.64259085 -807.25910822
 -799.67269033 -797.57925635 -792.89604705 -790.88957468 -785.9690869
 -779.24605137 -773.48901844 -771.30485076 -768.22092693 -767.19686304
 -757.12942749 -754.07742925 -753.26033262 -752.27600059 -745.09707085
 -744.61224132 -742.80115921 -740.37636231 -738.9837395  -736.65697805
 -736.56865512 -736.43831777 -736.28982505 -735.56268628 -734.91838371
 -734.64545401 -733.53662926 -733.39299005 -733.26518727 -733.24663821
 -733.03889591 -732.76578556 -732.43199667 -731.74226982 -730.76152855
 -729.72628041 -729.27289896 -728.42798215 -728.30601989 -728.13203343
 -728.07653664 -728.07357854 -727.58946582 -727.06747101 -726.88060638
 -726.85187649 -726.17334965 -725.78774177 -725.75511406 -725.66312503
 -724.58046641 -724.22064512 -724.09518598 -723.87598314 -723.47182561
 -723.18001698 -723.15529827 -722.99844016 -722.91987933 -722.79758613
 -722.79185021 -722.73482625 -722.46603869 -721.20486412 -720.54477762
 -720.44603623 -720.4452052  -720.31246905 -720.30052159 -720.24196323
 -720.21875007 -719.86987168 -719.39014372 -719.2872385  -718.84767201
 -718.68805252 -718.45885169 -718.44612426 -718.39141535 -718.2537307
 -718.19864632 -718.10480492 -717.96083222 -717.86760303 -717.43261569
 -717.31344153 -717.2912675  -717.28664059 -716.8800484  -716.80277621
 -716.78498172 -716.48283195 -716.39510973 -715.97791477 -715.816909
 -715.737519   -715.54241016 -715.43417445 -715.40085882 -715.26107418
 -714.8178983  -714.80673564 -714.78721779 -714.07044288 -713.80772678
 -713.45735809 -713.27230132 -713.24528079 -713.0555877  -713.00479726
 -712.95822831 -712.87760783 -712.15864621 -712.1580567  -712.05348854
 -711.87939642 -711.82044433 -711.77800263 -711.6940561  -711.55987898
 -711.50325235 -711.39684947 -711.136855   -711.11780813 -711.09283019
 -710.97437656 -710.96752682 -710.77772564 -710.6480922  -710.56997998
 -710.43461518 -710.30882564 -710.25356389 -709.92389085 -709.88862668
 -709.8830617  -709.81941339 -709.67942882 -709.58794892 -709.50248137
 -709.49105806 -709.46119255 -709.3436928  -709.327608   -709.26520128
 -709.13549966 -709.07932729 -709.07337991 -708.8220942  -708.66614131
 -708.65756829 -708.60430173 -708.56637514 -708.56192246 -708.49912016
 -708.49106441 -708.37160033 -708.22062035 -708.11335764 -707.98052993
 -707.91645025 -707.90414463 -707.67883265 -707.57579883 -707.35856996
 -707.33566397 -707.26155725 -707.24270664 -707.2128418  -707.18745721
 -707.1639779  -707.12879594 -707.11462013 -706.97142635 -706.90593065
 -706.88602135 -706.81605837 -706.78610331 -706.6929195  -706.63831135
 -706.62693446 -706.46628952 -706.30503959 -706.27178653 -706.1834816
 -706.11316989 -706.08058798 -706.08048985 -706.05671082 -705.95221144
 -705.84087713 -705.84020322 -705.83849985 -705.80453333 -705.79550161
 -705.76403265 -705.73775225 -705.73571418 -705.6960827  -705.63967118
 -705.57538488 -705.57157129 -705.56425941 -705.50977839 -705.49742224
 -705.46989344 -705.44685937 -705.43441273 -705.42973512 -705.39584761
 -705.37905212 -705.37599504 -705.32362724 -705.23936615 -705.21378121
 -705.17870798 -705.14406153 -705.11848704 -705.10538958 -705.09459646
 -705.09239587 -704.98620027 -704.94350778 -704.91481392 -704.8916064
 -704.89018245 -704.76440518 -704.75426684 -704.71121002 -704.70428672
 -704.68315623 -704.66034588 -704.65210074 -704.6336564  -704.56609768
 -704.45327087 -704.40472019 -704.38724816 -704.38687994 -704.35958229
 -704.35730373 -704.34283602 -704.33901345 -704.32115649 -704.30657869
 -704.3024564  -704.25933438 -704.24270602 -704.23514597 -704.23086839
 -704.20627925 -704.20341635 -704.1701676  -704.0761636  -704.0574453
 -704.04966831 -704.04369394 -704.03421604 -704.02710788 -703.98462153
 -703.97269042 -703.94181378 -703.9411667  -703.91804979 -703.91527274
 -703.91510589 -703.87868923 -703.84701289 -703.81946781 -703.80257699
 -703.77110904 -703.66135963 -703.64504682 -703.62570835 -703.61729012
 -703.59826963 -703.57936677 -703.54606986 -703.52914799 -703.52185497
 -703.51203515 -703.48257445 -703.47797049 -703.4653176  -703.46335633
 -703.45756712 -703.45479748 -703.44775642 -703.3946547  -703.39189999
 -703.37137981 -703.36249399 -703.34666903 -703.32579167 -703.32313746
 -703.29953781 -703.29008323 -703.26764778 -703.21815729 -703.21684427
 -703.19750959 -703.15597321 -703.138955   -703.11349027 -703.10653831
 -703.1028188  -703.10056571 -703.0841327  -703.06457274 -703.04312773
 -703.02800311 -703.01043103 -703.00497811 -702.97845195 -702.9562323
 -702.95035555 -702.94321216 -702.93571467 -702.93217567 -702.91205264
 -702.89169069 -702.88137484 -702.85670006 -702.85240821 -702.83076225
 -702.79317889 -702.76269758 -702.76258531 -702.76186383 -702.74075235
 -702.73151885 -702.72951887 -702.72346551 -702.72192076 -702.71992528
 -702.71013824 -702.71007652 -702.70668289 -702.70266746 -702.69458657
 -702.68606015 -702.68302808 -702.67871981 -702.65694439 -702.65367974
 -702.6400996  -702.60721869 -702.58583819 -702.56828479 -702.56691677
 -702.55227494 -702.53804483 -702.53045018 -702.52719595 -702.51852966
 -702.51638394 -702.51495543 -702.51111242 -702.49302521 -702.48569728
 -702.47454589 -702.46313934 -702.46272012 -702.46020228 -702.45934083
 -702.45208301 -702.45188651 -702.44835233 -702.43326861 -702.43149139
 -702.41842603 -702.40052711 -702.39221435 -702.39177614 -702.38074753
 -702.38068266 -702.34366535 -702.34245258 -702.34239093 -702.34186413
 -702.33470026 -702.32118588 -702.31912706 -702.31612205 -702.31606206
 -702.28333054 -702.27241642 -702.26122414 -702.26109309 -702.24440637
 -702.23804758 -702.23604908 -702.22702916 -702.2190987  -702.21747292
 -702.21490966 -702.20746545 -702.20083554 -702.184068   -702.17763077
 -702.1626962  -702.15481958 -702.14986994 -702.14413524 -702.13463369
 -702.12981446 -702.1248048  -702.12304705 -702.11023882 -702.09901881
 -702.09755399 -702.0852964  -702.08041261 -702.07372593 -702.06444287
 -702.06301275 -702.05223344 -702.04271053 -702.0421151  -702.04211486
 -702.03033534 -702.02300569 -702.01202642 -702.0099035  -702.00249351
 -701.99718427 -701.9971746  -701.99352835 -701.98710803 -701.97925231
 -701.97821726 -701.9727297  -701.96881622 -701.95860989 -701.93565989
 -701.935099   -701.93070446 -701.9274177  -701.92359244 -701.91935847
 -701.91153106 -701.90856756 -701.90719139 -701.9067168  -701.90180126
 -701.9004251  -701.89937599 -701.89223817 -701.88941455 -701.88224559
 -701.87720847 -701.87389228 -701.86801195 -701.86222513 -701.8565753
 -701.85109216 -701.84535965 -701.8444115  -701.8407354  -701.83100367
 -701.83051461 -701.82882725 -701.82810433 -701.82791262 -701.8214518
 -701.81895786 -701.81845091 -701.81811223 -701.81341035 -701.81245205
 -701.81115265 -701.8111306  -701.81059917 -701.80995279 -701.80960133
 -701.80816595 -701.80313611 -701.80068063 -701.79342309 -701.79150033
 -701.79090366 -701.78986679 -701.78134955 -701.77612346 -701.77534687
 -701.77522814 -701.77321142 -701.77209065 -701.77155254 -701.77144347
 -701.77059668 -701.77041038 -701.75704126 -701.75237276 -701.74830214
 -701.74782745 -701.74583698 -701.74265662 -701.74130978 -701.73969491
 -701.73962173 -701.73590968 -701.73547872 -701.73462448 -701.7312881
 -701.72745241 -701.72739184 -701.72530727 -701.7252766  -701.72378564
 -701.71975202 -701.71894407 -701.71608365 -701.71598161 -701.71568973
 -701.71496072 -701.71372842 -701.70895725 -701.70839186 -701.70805606
 -701.70643442 -701.70428445 -701.70264127 -701.69662415 -701.6959437
 -701.69517979 -701.69319577 -701.69250251 -701.6923044  -701.6917322
 -701.69032634 -701.68903318 -701.68902692 -701.68883652 -701.68875265
 -701.6855226  -701.68552115 -701.68536829 -701.68450907 -701.68318582
 -701.68273762 -701.68210651 -701.68102714 -701.68095451 -701.67756383
 -701.67670022 -701.67477729 -701.67258738 -701.6723664  -701.67232998
 -701.67082627 -701.67005853 -701.66677985 -701.66399396 -701.66372648
 -701.66170064 -701.66168848 -701.65997032 -701.65802266 -701.65680883
 -701.65643654 -701.65512796 -701.65485042 -701.65445368 -701.65042987
 -701.65020711 -701.64944469 -701.64868683 -701.647455   -701.64345442
 -701.64196525 -701.64056799 -701.64023642 -701.63804614 -701.63744745
 -701.63703406 -701.63645163 -701.63410571 -701.63330165 -701.63285301
 -701.63215795 -701.63198875 -701.63188068 -701.63101308 -701.63098535
 -701.62997725 -701.62743513 -701.62616512 -701.62585143 -701.62517387
 -701.62507955 -701.62413235 -701.62343455 -701.62268535 -701.62250345
 -701.62249421 -701.62247275 -701.62126787 -701.62039737 -701.61985505
 -701.61875235 -701.61592184 -701.6151313  -701.61488864 -701.61452558
 -701.61409361 -701.61374825 -701.61371612 -701.6135053  -701.61275857
 -701.6126375  -701.61252966 -701.61231424 -701.61203967 -701.6113594
 -701.61091331 -701.61060981 -701.60941195 -701.60934252 -701.60895291
 -701.60797511 -701.60791776 -701.60789428 -701.60755025 -701.60708131
 -701.60696772 -701.6066605  -701.60634091 -701.60490409 -701.60442967
 -701.60437551 -701.60407204 -701.60335561 -701.6029762  -701.60147571
 -701.6010218  -701.60034304 -701.60016266 -701.60015485 -701.59956318
 -701.59818328 -701.59733614 -701.59720695 -701.59633942 -701.59516113
 -701.59497996 -701.59497573 -701.59445948 -701.59411572 -701.59352907
 -701.59316458 -701.59315621 -701.59301271 -701.59292694 -701.59278284
 -701.59230767 -701.59216917 -701.59198363 -701.5919151  -701.59172521
 -701.59159129 -701.59112606 -701.59095251 -701.59074973 -701.5907244
 -701.59045151 -701.59029912 -701.59015532 -701.59006743 -701.58990483
 -701.58953139 -701.5888195  -701.58855185 -701.58848998 -701.58845464
 -701.58812944 -701.58790401 -701.58790021 -701.58782105 -701.58723744
 -701.58677668 -701.58676611 -701.58671964 -701.58640965 -701.58511292
 -701.5850348  -701.58451128 -701.58383801 -701.58295587 -701.58267116
 -701.58261224 -701.58244002 -701.58132192 -701.58111728 -701.58065572
 -701.5805354  -701.5804738  -701.58043323 -701.58013938 -701.58001181
 -701.57995751 -701.57995668 -701.57975493 -701.57945982 -701.57866145
 -701.57854249 -701.57851292 -701.57815281 -701.57773184 -701.57767962
 -701.57739845 -701.57735021 -701.5771236  -701.57664642 -701.57664169
 -701.57664098 -701.57658402 -701.57656996 -701.57639617 -701.57569756
 -701.57563293 -701.57538631 -701.57500225 -701.57498204 -701.57491105
 -701.57470026 -701.57450163 -701.57438563 -701.57412646 -701.57375132
 -701.57338835 -701.57301524 -701.57294166 -701.57291053 -701.57281217
 -701.57279446 -701.5725398  -701.57218221 -701.57210165 -701.57205349
 -701.57178893 -701.57155191 -701.57147537 -701.57144988 -701.571392
 -701.5713028  -701.57122132 -701.57108018 -701.5710182  -701.5708865
 -701.57064807 -701.57059291 -701.57045819 -701.57024232 -701.57021369
 -701.57008895 -701.56967944 -701.56936926 -701.56925657 -701.56922483
 -701.56908069 -701.56906332 -701.56906229 -701.56863301 -701.56841708
 -701.56828069 -701.5682132  -701.56808703 -701.5676909  -701.56764316
 -701.56755595 -701.56754169 -701.56724643 -701.56713093 -701.56711281
 -701.56703454 -701.56694994 -701.56689277 -701.56676929 -701.56657109
 -701.56634497 -701.56632629 -701.56625939 -701.56622586 -701.56620719
 -701.56620498 -701.56602268 -701.56601037 -701.56587027 -701.56565541
 -701.5656247  -701.56558821 -701.56553277 -701.56550702 -701.5652118
 -701.56512261 -701.56505786 -701.56503952 -701.56477829 -701.56474846
 -701.56466195 -701.56464911 -701.56442505 -701.56436247 -701.56435914
 -701.56430856 -701.56427177 -701.56420525 -701.56420128 -701.56419133
 -701.56411908 -701.56406441 -701.56403766 -701.5638895  -701.5636858
 -701.56361353 -701.56358329 -701.56356471 -701.56354237 -701.56346082
 -701.5634112  -701.5633608  -701.56333863 -701.5633153  -701.56327208
 -701.56315728 -701.56311252 -701.56305403 -701.56300488 -701.56300437
 -701.562973   -701.56294562 -701.56285404 -701.56280628 -701.56279721
 -701.56253325 -701.56238902 -701.56237719 -701.56234199 -701.56229751
 -701.56202432 -701.56197137 -701.56189251 -701.56187029 -701.56176756
 -701.56175933 -701.56162073 -701.5615268  -701.56152647 -701.5615188
 -701.56144951 -701.56144559 -701.56144124 -701.56136498 -701.5612625
 -701.5612342  -701.56122974 -701.56121737 -701.56106822 -701.56099069
 -701.56089982 -701.56069249 -701.56067828 -701.56061483 -701.56056218
 -701.56043499 -701.56024302 -701.56015561 -701.56012761 -701.56008766
 -701.55998172 -701.55981417 -701.55979981 -701.55956912 -701.55950658
 -701.55947795 -701.55944505 -701.5594159  -701.55939406 -701.55938266
 -701.55922737 -701.55918561 -701.55916279 -701.55910482 -701.55907634
 -701.55889496 -701.55878698 -701.55877744 -701.55871367 -701.55870589
 -701.55866803 -701.55850423 -701.55845985 -701.55845376 -701.55842844
 -701.5583517  -701.55835023 -701.55831011 -701.55817539 -701.55817165
 -701.55782321 -701.55771709 -701.55761096 -701.55741499 -701.55721451
 -701.5569684  -701.55692231 -701.55656237 -701.55654623 -701.55651275
 -701.55647549 -701.55623865]
Om: 0.3317 +/- 0.0184
Obh2: 0.0220 +/- 0.0005
h: 0.6837 +/- 0.1690

Elapsed time: 21.193 minutes = 1271.587 seconds 
