SUMMARY
-------
analyzer: nested
nested_algorithm: multi
dynamic: False
nlive: 100
niter: 769
ncall: 4878
%eff: 17.8352
logz: -515.5850 +/- 0.2055
loglikes: [-657.36355252 -655.97608872 -649.64883223 -640.40704145 -637.27670635
 -629.92752597 -628.83239078 -627.39558125 -626.5234843  -600.29822577
 -599.84347552 -598.89599197 -588.81541533 -588.36733541 -585.2404621
 -584.38060541 -578.44137711 -574.08141342 -573.75611014 -572.70542618
 -571.76418853 -571.49436291 -570.98083337 -570.46338764 -568.01006709
 -565.0854273  -561.38976962 -559.6067755  -556.6605179  -553.77861915
 -544.58907115 -544.23751246 -543.78422955 -540.90554026 -539.50059786
 -537.83534214 -536.39076291 -536.13990547 -535.48373835 -535.1866948
 -534.55969828 -534.11127127 -533.05457633 -531.93716667 -531.92335231
 -531.50569926 -531.38181384 -531.15332219 -529.68240036 -529.6765991
 -529.6052872  -528.96553872 -528.82363978 -528.80784812 -528.66600355
 -528.55588795 -528.47160652 -528.17794159 -527.9208177  -527.70432393
 -527.64753114 -527.37932133 -527.23720327 -527.22976701 -527.11878495
 -527.0715158  -526.55354683 -526.54324168 -526.0555901  -525.71541819
 -525.68610473 -525.36565954 -525.18616022 -525.10806702 -525.08124218
 -524.9989892  -524.85673088 -524.78428187 -524.77945811 -524.6719826
 -524.32516482 -524.14347756 -524.11091361 -524.00286114 -523.89876173
 -523.48490126 -523.47089466 -523.31698024 -523.23929899 -523.1516107
 -523.07370761 -523.02258694 -522.9091511  -522.79418943 -522.7752412
 -522.5658326  -522.35327067 -522.2965878  -522.28097525 -522.26360474
 -522.24299343 -522.19837447 -521.94254132 -521.92399367 -521.87122516
 -521.84627875 -521.83387317 -521.81043918 -521.53628692 -521.32560531
 -521.24482135 -521.10814058 -520.94400469 -520.40767901 -520.29022474
 -520.20211629 -520.13478132 -520.08135024 -520.06542245 -519.99134322
 -519.99010529 -519.91359557 -519.86510236 -519.85896126 -519.70344046
 -519.68576693 -519.51909878 -519.48046813 -519.42958777 -519.35610044
 -519.32228574 -519.30783179 -519.30068703 -519.0061624  -518.97320341
 -518.81717984 -518.65244603 -518.63342806 -518.53420029 -518.46846975
 -518.35766224 -518.3156441  -518.29730287 -518.13586416 -518.13102031
 -517.98772917 -517.92793797 -517.82337444 -517.76930159 -517.75574502
 -517.75060304 -517.73377966 -517.6804747  -517.58905678 -517.4973475
 -517.45864932 -517.38661364 -517.31353862 -517.29018966 -517.28645131
 -517.26108031 -517.20590691 -517.0824918  -516.95760421 -516.88461907
 -516.88418454 -516.82550413 -516.69920624 -516.65773011 -516.6276189
 -516.62455409 -516.55518759 -516.52913142 -516.39366347 -516.33692457
 -516.33622736 -516.30367413 -516.27767805 -516.2326999  -516.17794879
 -516.00168017 -515.95429689 -515.94807624 -515.93153673 -515.89415006
 -515.87267072 -515.86957469 -515.84358115 -515.82947109 -515.80151279
 -515.76072532 -515.75013168 -515.73374621 -515.71346872 -515.69517328
 -515.64455408 -515.60232177 -515.56165469 -515.56043486 -515.50551631
 -515.49079217 -515.47631243 -515.44085044 -515.3928403  -515.38714939
 -515.38670671 -515.37914779 -515.37270151 -515.27826692 -515.142934
 -515.13245635 -515.09633805 -515.09056601 -515.08880107 -515.08343901
 -515.06240809 -515.05010745 -515.0225556  -515.00584615 -514.98204356
 -514.97490769 -514.92202027 -514.85740702 -514.83744105 -514.82123492
 -514.81988869 -514.80641234 -514.79963435 -514.78213077 -514.74410749
 -514.73722401 -514.7234154  -514.72232944 -514.70536928 -514.69418113
 -514.6810104  -514.66776111 -514.66461897 -514.62589358 -514.6119092
 -514.55125739 -514.526741   -514.50301316 -514.4819038  -514.47076349
 -514.44458585 -514.43876348 -514.43727887 -514.42525214 -514.42263225
 -514.39596312 -514.38128671 -514.37387603 -514.29016835 -514.24744224
 -514.24243856 -514.19783352 -514.18064095 -514.17358993 -514.15347759
 -514.12919668 -514.09987938 -514.09674954 -514.09501377 -514.05729412
 -514.04945731 -514.03603952 -514.03540906 -514.02004626 -514.01775551
 -513.99395223 -513.99154099 -513.98973487 -513.98651501 -513.98365264
 -513.95930349 -513.95348492 -513.85699771 -513.84497764 -513.82990223
 -513.81933011 -513.79276153 -513.7922217  -513.76764237 -513.76613319
 -513.76567741 -513.76248015 -513.75717033 -513.74901321 -513.74386683
 -513.72147009 -513.71333726 -513.70470974 -513.70415127 -513.6524313
 -513.65044574 -513.61728167 -513.60317105 -513.60022133 -513.59769071
 -513.59523527 -513.55292827 -513.55269871 -513.53910711 -513.5357048
 -513.53054345 -513.51027727 -513.50871556 -513.50252875 -513.50171722
 -513.49144565 -513.48413976 -513.483009   -513.47856872 -513.47487233
 -513.46096245 -513.41929271 -513.4102464  -513.39341896 -513.39317493
 -513.39072569 -513.38959233 -513.37013374 -513.34763876 -513.33695668
 -513.33110143 -513.32560493 -513.29111748 -513.28925645 -513.28618124
 -513.27883306 -513.26347232 -513.22541683 -513.21893672 -513.21255221
 -513.20924404 -513.19244856 -513.17515031 -513.16422599 -513.14186328
 -513.12368311 -513.12269149 -513.11691884 -513.11433938 -513.10958123
 -513.10370959 -513.10293174 -513.10219105 -513.09910375 -513.09778714
 -513.09566437 -513.08654713 -513.08597265 -513.08417911 -513.08245013
 -513.07507798 -513.07115842 -513.05947705 -513.05750309 -513.04167394
 -513.04103371 -513.04054927 -513.03943145 -513.02979098 -513.02404377
 -513.02291647 -513.01746185 -513.01443878 -513.01401282 -513.00211711
 -513.00117805 -512.99789339 -512.98865349 -512.97762719 -512.97487381
 -512.96693528 -512.96050207 -512.95956049 -512.95473113 -512.95181546
 -512.95178654 -512.94416126 -512.94340323 -512.94140523 -512.93928101
 -512.93523585 -512.92898005 -512.92851055 -512.92386998 -512.92296874
 -512.92031924 -512.91856192 -512.91001454 -512.90495815 -512.90485603
 -512.89985037 -512.89714568 -512.89689503 -512.8796457  -512.87930582
 -512.87874818 -512.86576458 -512.86495635 -512.86069507 -512.85852269
 -512.854561   -512.84977901 -512.84517916 -512.84092664 -512.83755913
 -512.83745633 -512.83706666 -512.83413022 -512.83107871 -512.82795353
 -512.8259371  -512.82530054 -512.82451263 -512.82188378 -512.81937081
 -512.81671774 -512.81627802 -512.81551311 -512.81500206 -512.81153423
 -512.80276654 -512.80117338 -512.80060907 -512.79590313 -512.79525758
 -512.78956805 -512.7867132  -512.78668277 -512.78171212 -512.77895764
 -512.77750765 -512.77490234 -512.77447959 -512.77445152 -512.77189451
 -512.77114718 -512.76364899 -512.75857475 -512.75366101 -512.73618815
 -512.73478629 -512.73330648 -512.73131905 -512.72986745 -512.7298177
 -512.72781858 -512.72763902 -512.72706181 -512.72541042 -512.72100613
 -512.71844255 -512.7142614  -512.71287376 -512.71268918 -512.71090161
 -512.70816064 -512.7081557  -512.70369718 -512.70310835 -512.70251305
 -512.70113294 -512.69978489 -512.69923658 -512.69916783 -512.69774394
 -512.69730917 -512.69685309 -512.6962659  -512.69466503 -512.694434
 -512.69245982 -512.69102233 -512.68958518 -512.6875531  -512.68540519
 -512.68498556 -512.68443679 -512.68277398 -512.68258574 -512.68065188
 -512.68057537 -512.67991754 -512.6769455  -512.6768619  -512.67536112
 -512.67329473 -512.67115727 -512.66847222 -512.66835082 -512.66812629
 -512.66559364 -512.66310775 -512.6625262  -512.66244191 -512.66170255
 -512.65898061 -512.65896369 -512.65770831 -512.65739952 -512.65728709
 -512.65685413 -512.65684401 -512.65634492 -512.65572371 -512.65484992
 -512.65324219 -512.65177849 -512.65041464 -512.64930628 -512.64864185
 -512.64793891 -512.64743969 -512.64607838 -512.64554251 -512.6439404
 -512.64361735 -512.64278105 -512.64248874 -512.64198209 -512.6403554
 -512.63983506 -512.63923998 -512.63625547 -512.63585824 -512.63414262
 -512.62950359 -512.62912956 -512.62876656 -512.62804877 -512.6255135
 -512.62386236 -512.62346142 -512.62326397 -512.62305626 -512.62244169
 -512.62234125 -512.6212506  -512.61750405 -512.61695415 -512.61670239
 -512.61653596 -512.6163851  -512.61556028 -512.61517689 -512.6146696
 -512.61466517 -512.61421637 -512.61334517 -512.61327431 -512.61269786
 -512.61235743 -512.61227987 -512.60992577 -512.60940049 -512.60924245
 -512.60819512 -512.60564198 -512.60545    -512.60514389 -512.60404166
 -512.60386396 -512.60296541 -512.60278832 -512.60244659 -512.60088741
 -512.59981949 -512.59960243 -512.59918093 -512.59868716 -512.59784086
 -512.59709368 -512.59627543 -512.59502845 -512.59382532 -512.59323048
 -512.5927469  -512.5919759  -512.59188365 -512.59142616 -512.59033971
 -512.59030631 -512.58981047 -512.58871105 -512.58828041 -512.5872462
 -512.58724041 -512.58673454 -512.58574537 -512.58562828 -512.58557247
 -512.58280324 -512.58175357 -512.58101818 -512.58072957 -512.58047979
 -512.57996077 -512.57955053 -512.57927486 -512.57846016 -512.57816177
 -512.57804764 -512.57719177 -512.57654392 -512.575063   -512.57468885
 -512.57466034 -512.57449012 -512.57448443 -512.57417702 -512.57397405
 -512.57363621 -512.57323417 -512.57319169 -512.57302476 -512.57277841
 -512.57256194 -512.5721531  -512.57144613 -512.57061477 -512.56959999
 -512.56923546 -512.56910618 -512.56894096 -512.56860309 -512.56850607
 -512.56834471 -512.5671463  -512.56694098 -512.56590356 -512.56566375
 -512.56556072 -512.56497204 -512.56392131 -512.56346436 -512.56339281
 -512.5631254  -512.5630583  -512.56273204 -512.56189364 -512.56185513
 -512.56149284 -512.56144096 -512.56117851 -512.56107795 -512.56070662
 -512.56067064 -512.5606452  -512.56028631 -512.55967534 -512.55892801
 -512.55857755 -512.55822364 -512.5576526  -512.55753698 -512.55724024
 -512.55698002 -512.55661965 -512.55652156 -512.5559434  -512.55591175
 -512.55574327 -512.55574298 -512.55569953 -512.55536373 -512.5552071
 -512.555046   -512.55459184 -512.55444024 -512.55422244 -512.55392136
 -512.55385253 -512.55373502 -512.55365966 -512.55360563 -512.55358005
 -512.55346288 -512.55340669 -512.55340284 -512.55332548 -512.55318257
 -512.55309197 -512.55295199 -512.552934   -512.55272062 -512.55269001
 -512.55254561 -512.5524921  -512.55238671 -512.55234863 -512.55234298
 -512.55233649 -512.55202803 -512.551967   -512.55182648 -512.55181269
 -512.55158719 -512.55157768 -512.55152513 -512.55124039 -512.55114514
 -512.55105006 -512.55101032 -512.55096721 -512.55092642 -512.55081173
 -512.55065611 -512.55060846 -512.54997677 -512.54990879 -512.5498603
 -512.54983568 -512.54965754 -512.54935969 -512.5491751  -512.54905075
 -512.54873071 -512.5487057  -512.5486287  -512.54840909 -512.54837422
 -512.548363   -512.54830396 -512.54826288 -512.54819135 -512.54818381
 -512.54803483 -512.54797856 -512.54795932 -512.54792375 -512.54786347
 -512.54763403 -512.5475723  -512.54729056 -512.54715782 -512.54714776
 -512.54710398 -512.54709849 -512.54707163 -512.54703837 -512.54701169
 -512.54697479 -512.54691891 -512.54681328 -512.54674624 -512.54656606
 -512.54612276 -512.54603404 -512.5459834  -512.54596808 -512.54589224
 -512.54581083 -512.54578688 -512.54568185 -512.54557612 -512.54550172
 -512.5454915  -512.54545385 -512.54543402 -512.54535976 -512.5451793
 -512.54506411 -512.54504932 -512.54502577 -512.54497494 -512.54495628
 -512.54494309 -512.54479215 -512.54466512 -512.54465729 -512.544549
 -512.54453747 -512.54441517 -512.5443742  -512.54435934 -512.54434514
 -512.54427974 -512.54425389 -512.54420675 -512.54399207 -512.54397608
 -512.54396521 -512.54393732 -512.54389931 -512.54389576 -512.54387741
 -512.5438421  -512.54383665 -512.54382986 -512.54377705 -512.54376494
 -512.54371336 -512.5437     -512.54368239 -512.54362083 -512.5435521
 -512.54352137 -512.54348692 -512.54335354 -512.54316879 -512.54304459
 -512.54297583 -512.54295106 -512.54286447 -512.54278233 -512.54271128
 -512.54265869 -512.54258309 -512.54250401 -512.54243397 -512.5423334
 -512.542181   -512.5421373  -512.54213648 -512.54206852 -512.54200065
 -512.541881   -512.54184184 -512.54176348 -512.54158599 -512.54152899
 -512.54137241 -512.541365   -512.54122116 -512.5411874  -512.5408593
 -512.54081169 -512.5406336  -512.54055006 -512.54052742 -512.54049148
 -512.54015051 -512.54000136 -512.53996561 -512.53995543 -512.53994625
 -512.53976452 -512.53975821 -512.539702   -512.53954392 -512.5394763
 -512.53942526 -512.53941426 -512.53936573 -512.53930454 -512.53925946
 -512.53913906 -512.53911896 -512.53905459 -512.53903386 -512.53898982
 -512.53898216 -512.53894162 -512.53887245 -512.53887156 -512.53874791
 -512.53873816 -512.53870603 -512.53860158 -512.53849108 -512.53835143
 -512.53827649 -512.53826484 -512.53810857 -512.53803359 -512.53799778]
Om: 0.3807 +/- 0.0667
Obh2: 0.0220 +/- 0.0005
h: 0.7136 +/- 0.1708
Ode: 0.7083 +/- 0.1166

Elapsed time: 4.907 minutes = 294.405 seconds 
